<?xml version="1.0" encoding="utf-8"?>
<COLLADA xmlns="http://www.collada.org/2005/11/COLLADASchema" version="1.4.1">
  <asset>
    <contributor>
      <author/>
      <authoring_tool>FBX COLLADA exporter</authoring_tool>
      <comments/>
    </contributor>
    <created>2017-10-23T07:46:36Z</created>
    <keywords/>
    <modified>2017-10-23T07:46:36Z</modified>
    <revision/>
    <subject/>
    <title/>
    <unit meter="0.010000" name="centimeter"/>
    <up_axis>Y_UP</up_axis>
  </asset>
  <library_animations>
    <animation id="Ear_R1-anim" name="Ear_R1">
        <source id="Ear_R1-Matrix-animation-input">
          <float_array id="Ear_R1-Matrix-animation-input-array" count="26">

0.041667 0.083333 0.125000 0.166667 0.208333 0.250000 0.291667 0.333333 0.375000 0.416667 0.458333 0.500000 0.541667 0.583333 0.625000 0.666667
0.708333 0.750000 0.791667 0.833333 0.875000 0.916667 0.958333 1.000000 1.041667 1.083333</float_array>
          <technique_common>
            <accessor source="#Ear_R1-Matrix-animation-input-array" count="26">
              <param name="TIME" type="float"/>
            </accessor>
          </technique_common>
        </source>
        <source id="Ear_R1-Matrix-animation-output-transform">
          <float_array id="Ear_R1-Matrix-animation-output-transform-array" count="416">

-0.132998 0.121598 -0.983629 4.298190 -0.725946 0.663722 0.180207 4.891348 0.674769 0.738029 0.000000 4.620309 0.000000 0.000000 0.000000 1.000000
-0.117946 0.136247 -0.983629 4.298190 -0.643788 0.743681 0.180207 4.891348 0.756059 0.654503 0.000000 4.620309 0.000000 0.000000 0.000000 1.000000
-0.079524 0.161711 -0.983629 4.298190 -0.434069 0.882672 0.180207 4.891348 0.897363 0.441293 0.000000 4.620309 0.000000 0.000000 0.000000 1.000000
-0.035899 0.176595 -0.983629 4.298190 -0.195951 0.963913 0.180207 4.891348 0.979956 0.199212 0.000000 4.620309 0.000000 0.000000 0.000000 1.000000
-0.015108 0.179572 -0.983629 4.298190 -0.082464 0.980166 0.180207 4.891348 0.996480 0.083836 0.000000 4.620309 0.000000 0.000000 0.000000 1.000000
-0.031836 0.177372 -0.983629 4.298190 -0.173769 0.968158 0.180207 4.891348 0.984272 0.176661 0.000000 4.620309 0.000000 0.000000 0.000000 1.000000
-0.070320 0.165921 -0.983629 4.298190 -0.383829 0.905650 0.180207 4.891348 0.920723 0.390217 0.000000 4.620309 0.000000 0.000000 0.000000 1.000000
-0.111528 0.141549 -0.983629 4.298190 -0.608756 0.772620 0.180207 4.891348 0.785480 0.618888 0.000000 4.620309 0.000000 0.000000 0.000000 1.000000
-0.140102 0.113340 -0.983629 4.298190 -0.764721 0.618649 0.180207 4.891348 0.628946 0.777449 0.000000 4.620309 0.000000 0.000000 0.000000 1.000000
-0.150087 0.099741 -0.983629 4.298190 -0.819227 0.544420 0.180207 4.891348 0.553481 0.832862 0.000000 4.620309 0.000000 0.000000 0.000000 1.000000
-0.147571 0.103427 -0.983629 4.298190 -0.805494 0.564540 0.180207 4.891348 0.573936 0.818900 0.000000 4.620309 0.000000 0.000000 0.000000 1.000000
-0.140889 0.112360 -0.983629 4.298190 -0.769019 0.613298 0.180207 4.891348 0.623506 0.781819 0.000000 4.620309 0.000000 0.000000 0.000000 1.000000
-0.131399 0.123324 -0.983629 4.298190 -0.717219 0.673144 0.180207 4.891348 0.684348 0.729156 0.000000 4.620309 0.000000 0.000000 0.000000 1.000000
-0.121058 0.133490 -0.983629 4.298190 -0.660774 0.728631 0.180207 4.891348 0.740758 0.671772 0.000000 4.620309 0.000000 0.000000 0.000000 1.000000
-0.112566 0.140724 -0.983629 4.298190 -0.614424 0.768121 0.180207 4.891348 0.780905 0.624650 0.000000 4.620309 0.000000 0.000000 0.000000 1.000000
-0.109047 0.143469 -0.983629 4.298190 -0.595214 0.783100 0.180207 4.891348 0.796134 0.605120 0.000000 4.620309 0.000000 0.000000 0.000000 1.000000
-0.111161 0.141837 -0.983629 4.298190 -0.606754 0.774194 0.180207 4.891348 0.787079 0.616852 0.000000 4.620309 0.000000 0.000000 0.000000 1.000000
-0.116339 0.137622 -0.983629 4.298190 -0.635014 0.751187 0.180207 4.891348 0.763690 0.645583 0.000000 4.620309 0.000000 0.000000 0.000000 1.000000
-0.122830 0.131861 -0.983629 4.298190 -0.670445 0.719743 0.180207 4.891348 0.731722 0.681603 0.000000 4.620309 0.000000 0.000000 0.000000 1.000000
-0.129036 0.125795 -0.983629 4.298190 -0.704320 0.686628 0.180207 4.891348 0.698057 0.716043 0.000000 4.620309 0.000000 0.000000 0.000000 1.000000
-0.133607 0.120929 -0.983629 4.298190 -0.729270 0.660068 0.180207 4.891348 0.671054 0.741408 0.000000 4.620309 0.000000 0.000000 0.000000 1.000000
-0.135384 0.118935 -0.983629 4.298190 -0.738972 0.649188 0.180207 4.891348 0.659993 0.751271 0.000000 4.620309 0.000000 0.000000 0.000000 1.000000
-0.135015 0.119354 -0.983629 4.298190 -0.736956 0.651476 0.180207 4.891348 0.662319 0.749222 0.000000 4.620309 0.000000 0.000000 0.000000 1.000000
-0.134198 0.120273 -0.983629 4.298190 -0.732495 0.656488 0.180207 4.891348 0.667414 0.744687 0.000000 4.620309 0.000000 0.000000 0.000000 1.000000
-0.133374 0.121185 -0.983629 4.298190 -0.728001 0.661469 0.180207 4.891348 0.672478 0.740117 0.000000 4.620309 0.000000 0.000000 0.000000 1.000000
-0.132998 0.121598 -0.983629 4.298190 -0.725946 0.663722 0.180207 4.891348 0.674769 0.738029 0.000000 4.620309 0.000000 0.000000 0.000000 1.000000</float_array>
          <technique_common>
            <accessor source="#Ear_R1-Matrix-animation-output-transform-array" count="26" stride="16">
              <param type="float4x4"/>
            </accessor>
          </technique_common>
        </source>
        <source id="Ear_R1-Interpolations">
          <Name_array id="Ear_R1-Interpolations-array" count="26">
 LINEAR LINEAR LINEAR LINEAR LINEAR LINEAR LINEAR LINEAR LINEAR LINEAR LINEAR
LINEAR LINEAR LINEAR LINEAR LINEAR LINEAR LINEAR LINEAR LINEAR LINEAR LINEAR LINEAR
LINEAR LINEAR LINEAR</Name_array>
          <technique_common>
            <accessor source="#Ear_R1-Interpolations-array" count="26">
              <param type="name"/>
            </accessor>
          </technique_common>
        </source>
        <sampler id="Ear_R1-Matrix-animation-transform">
          <input semantic="INPUT" source="#Ear_R1-Matrix-animation-input"/>
          <input semantic="OUTPUT" source="#Ear_R1-Matrix-animation-output-transform"/>
          <input semantic="INTERPOLATION" source="#Ear_R1-Interpolations"/>
        </sampler>
        <channel source="#Ear_R1-Matrix-animation-transform" target="Ear_R1/matrix"/>
        <source id="Ear_R2-Matrix-animation-input">
          <float_array id="Ear_R2-Matrix-animation-input-array" count="26">

0.041667 0.083333 0.125000 0.166667 0.208333 0.250000 0.291667 0.333333 0.375000 0.416667 0.458333 0.500000 0.541667 0.583333 0.625000 0.666667
0.708333 0.750000 0.791667 0.833333 0.875000 0.916667 0.958333 1.000000 1.041667 1.083333</float_array>
          <technique_common>
            <accessor source="#Ear_R2-Matrix-animation-input-array" count="26">
              <param name="TIME" type="float"/>
            </accessor>
          </technique_common>
        </source>
        <source id="Ear_R2-Matrix-animation-output-transform">
          <float_array id="Ear_R2-Matrix-animation-output-transform-array" count="416">

0.977826 -0.209421 -0.000000 3.082500 0.209421 0.977826 0.000000 -0.000000 -0.000000 0.000000 1.000000 -0.000000 0.000000 0.000000 0.000000 1.000000
0.946817 -0.321773 0.000000 3.082500 0.321773 0.946817 0.000000 -0.000000 -0.000000 0.000000 1.000000 0.000000 0.000000 0.000000 0.000000 1.000000
0.834215 -0.551439 0.000000 3.082500 0.551439 0.834215 0.000000 0.000000 0.000000 -0.000000 1.000000 0.000000 0.000000 0.000000 0.000000 1.000000
0.667035 -0.745026 0.000000 3.082500 0.745026 0.667035 -0.000000 0.000000 0.000000 0.000000 1.000000 0.000000 0.000000 0.000000 0.000000 1.000000
0.575817 -0.817578 0.000000 3.082500 0.817578 0.575817 -0.000000 0.000000 0.000000 0.000000 1.000000 0.000000 0.000000 0.000000 0.000000 1.000000
0.649755 -0.760144 -0.000000 3.082500 0.760144 0.649755 -0.000000 0.000000 -0.000000 -0.000000 1.000000 0.000000 0.000000 0.000000 0.000000 1.000000
0.801940 -0.597404 -0.000000 3.082500 0.597404 0.801940 0.000000 0.000000 0.000000 0.000000 1.000000 -0.000000 0.000000 0.000000 0.000000 1.000000
0.930946 -0.365157 0.000000 3.082500 0.365157 0.930946 0.000000 0.000000 -0.000000 0.000000 1.000000 0.000000 0.000000 0.000000 0.000000 1.000000
0.988692 -0.149960 -0.000000 3.082500 0.149960 0.988692 -0.000000 -0.000000 -0.000000 0.000000 1.000000 -0.000000 0.000000 0.000000 0.000000 1.000000
0.998383 -0.056839 0.000000 3.082500 0.056839 0.998383 0.000000 0.000000 0.000000 0.000000 1.000000 0.000000 0.000000 0.000000 0.000000 1.000000
0.996670 -0.081545 -0.000000 3.082500 0.081545 0.996670 -0.000000 0.000000 -0.000000 0.000000 1.000000 0.000000 0.000000 0.000000 0.000000 1.000000
0.989714 -0.143058 0.000000 3.082500 0.143058 0.989714 0.000000 0.000000 -0.000000 0.000000 1.000000 0.000000 0.000000 0.000000 0.000000 1.000000
0.975008 -0.222170 -0.000000 3.082500 0.222170 0.975008 0.000000 0.000000 0.000000 0.000000 1.000000 -0.000000 0.000000 0.000000 0.000000 1.000000
0.953988 -0.299844 -0.000000 3.082500 0.299844 0.953988 0.000000 0.000000 0.000000 -0.000000 1.000000 0.000000 0.000000 0.000000 0.000000 1.000000
0.933607 -0.358298 0.000000 3.082500 0.358298 0.933607 0.000000 -0.000000 -0.000000 -0.000000 1.000000 0.000000 0.000000 0.000000 0.000000 1.000000
0.924448 -0.381308 -0.000000 3.082500 0.381308 0.924448 0.000000 0.000000 0.000000 0.000000 1.000000 0.000000 0.000000 0.000000 0.000000 1.000000
0.929997 -0.367566 0.000000 3.082500 0.367566 0.929997 0.000000 0.000000 -0.000000 0.000000 1.000000 0.000000 0.000000 0.000000 0.000000 1.000000
0.942974 -0.332865 0.000000 3.082500 0.332865 0.942974 0.000000 0.000000 0.000000 0.000000 1.000000 0.000000 0.000000 0.000000 0.000000 1.000000
0.957907 -0.287079 -0.000000 3.082500 0.287079 0.957907 0.000000 0.000000 0.000000 0.000000 1.000000 -0.000000 0.000000 0.000000 0.000000 1.000000
0.970618 -0.240626 -0.000000 3.082500 0.240626 0.970618 0.000000 0.000000 -0.000000 0.000000 1.000000 0.000000 0.000000 0.000000 0.000000 1.000000
0.978865 -0.204508 -0.000000 3.082500 0.204508 0.978865 0.000000 -0.000000 0.000000 -0.000000 1.000000 0.000000 0.000000 0.000000 0.000000 1.000000
0.981788 -0.189979 0.000000 3.082500 0.189979 0.981788 -0.000000 0.000000 0.000000 -0.000000 1.000000 0.000000 0.000000 0.000000 0.000000 1.000000
0.981194 -0.193022 0.000000 3.082500 0.193022 0.981194 -0.000000 0.000000 -0.000000 -0.000000 1.000000 0.000000 0.000000 0.000000 0.000000 1.000000
0.979855 -0.199710 -0.000000 3.082500 0.199710 0.979855 0.000000 0.000000 0.000000 -0.000000 1.000000 0.000000 0.000000 0.000000 0.000000 1.000000
0.978470 -0.206389 -0.000000 3.082500 0.206389 0.978470 0.000000 0.000000 0.000000 -0.000000 1.000000 -0.000000 0.000000 0.000000 0.000000 1.000000
0.977826 -0.209421 -0.000000 3.082500 0.209421 0.977826 0.000000 -0.000000 -0.000000 0.000000 1.000000 -0.000000 0.000000 0.000000 0.000000 1.000000</float_array>
          <technique_common>
            <accessor source="#Ear_R2-Matrix-animation-output-transform-array" count="26" stride="16">
              <param type="float4x4"/>
            </accessor>
          </technique_common>
        </source>
        <source id="Ear_R2-Interpolations">
          <Name_array id="Ear_R2-Interpolations-array" count="26">
 LINEAR LINEAR LINEAR LINEAR LINEAR LINEAR LINEAR LINEAR LINEAR LINEAR LINEAR
LINEAR LINEAR LINEAR LINEAR LINEAR LINEAR LINEAR LINEAR LINEAR LINEAR LINEAR LINEAR
LINEAR LINEAR LINEAR</Name_array>
          <technique_common>
            <accessor source="#Ear_R2-Interpolations-array" count="26">
              <param type="name"/>
            </accessor>
          </technique_common>
        </source>
        <sampler id="Ear_R2-Matrix-animation-transform">
          <input semantic="INPUT" source="#Ear_R2-Matrix-animation-input"/>
          <input semantic="OUTPUT" source="#Ear_R2-Matrix-animation-output-transform"/>
          <input semantic="INTERPOLATION" source="#Ear_R2-Interpolations"/>
        </sampler>
        <channel source="#Ear_R2-Matrix-animation-transform" target="Ear_R2/matrix"/>
    </animation>
  </library_animations>
  <library_visual_scenes>
    <visual_scene id="Dog@DogREar" name="Dog@DogREar">
      <node name="Root" id="Root" sid="Root" type="JOINT">
        <matrix sid="matrix">-0.000000 -0.000000 -1.000000 0.000000 -0.147492 0.989063 0.000000 10.354388 0.989063 0.147492 -0.000000 -4.775148 0.000000 0.000000 0.000000 1.000000</matrix>
        <extra>
          <technique profile="FCOLLADA">
            <visibility>1.000000</visibility>
          </technique>
        </extra>
        <node name="Spine1" id="Spine1" sid="Spine1" type="JOINT">
          <matrix sid="matrix">0.994421 -0.105488 0.000000 2.862871 0.105488 0.994421 -0.000000 0.000000 -0.000000 0.000000 1.000000 -0.000000 0.000000 0.000000 0.000000 1.000000</matrix>
          <extra>
            <technique profile="FCOLLADA">
              <visibility>1.000000</visibility>
            </technique>
          </extra>
          <node name="Spine2" id="Spine2" sid="Spine2" type="JOINT">
            <matrix sid="matrix">0.988318 -0.152408 0.000000 2.933543 0.152408 0.988318 0.000000 0.000000 -0.000000 -0.000000 1.000000 0.000000 0.000000 0.000000 0.000000 1.000000</matrix>
            <extra>
              <technique profile="FCOLLADA">
                <visibility>1.000000</visibility>
              </technique>
            </extra>
            <node name="Neck" id="Neck" sid="Neck" type="JOINT">
              <matrix sid="matrix">0.949647 -0.313323 0.000000 2.399693 0.313323 0.949647 0.000000 -0.164272 -0.000000 -0.000000 1.000000 0.000000 0.000000 0.000000 0.000000 1.000000</matrix>
              <extra>
                <technique profile="FCOLLADA">
                  <visibility>1.000000</visibility>
                </technique>
              </extra>
              <node name="Head" id="Head" sid="Head" type="JOINT">
                <matrix sid="matrix">0.969368 0.245612 0.000000 1.923384 -0.245612 0.969368 0.000000 -0.601959 -0.000000 -0.000000 1.000000 -0.000000 0.000000 0.000000 0.000000 1.000000</matrix>
                <extra>
                  <technique profile="FCOLLADA">
                    <visibility>1.000000</visibility>
                  </technique>
                </extra>
                <node name="Head_end" id="Head_end" sid="Head_end" type="JOINT">
                  <matrix sid="matrix">0.000000 0.180207 0.983629 6.615932 -0.000000 0.983629 -0.180207 -0.000000 -1.000000 0.000000 0.000000 0.000000 0.000000 0.000000 0.000000 1.000000</matrix>
                  <extra>
                    <technique profile="FCOLLADA">
                      <visibility>1.000000</visibility>
                    </technique>
                  </extra>
                </node>
                <node name="Ear_R1" id="Ear_R1" sid="Ear_R1" type="JOINT">
                  <matrix sid="matrix">-0.132998 0.121598 -0.983629 4.298190 -0.725946 0.663722 0.180207 4.891348 0.674769 0.738029 0.000000 4.620309 0.000000 0.000000 0.000000 1.000000</matrix>
                  <extra>
                    <technique profile="FCOLLADA">
                      <visibility>1.000000</visibility>
                    </technique>
                  </extra>
                  <node name="Ear_R2" id="Ear_R2" sid="Ear_R2" type="JOINT">
                    <matrix sid="matrix">0.977826 -0.209421 -0.000000 3.082500 0.209421 0.977826 0.000000 -0.000000 -0.000000 0.000000 1.000000 -0.000000 0.000000 0.000000 0.000000 1.000000</matrix>
                    <extra>
                      <technique profile="FCOLLADA">
                        <visibility>1.000000</visibility>
                      </technique>
                    </extra>
                    <node name="Ear_R3" id="Ear_R3" sid="Ear_R3" type="JOINT">
                      <matrix sid="matrix">-0.814365 -0.580352 0.000000 3.471988 -0.580352 0.814365 0.000000 0.000000 -0.000000 0.000000 -1.000000 0.000000 0.000000 0.000000 0.000000 1.000000</matrix>
                      <extra>
                        <technique profile="FCOLLADA">
                          <visibility>1.000000</visibility>
                        </technique>
                      </extra>
                    </node>
                  </node>
                </node>
                <node name="Ear_L1" id="Ear_L1" sid="Ear_L1" type="JOINT">
                  <matrix sid="matrix">0.132998 -0.121598 0.983629 4.298202 0.725946 -0.663722 -0.180207 4.891394 0.674769 0.738029 -0.000000 -4.620310 0.000000 0.000000 0.000000 1.000000</matrix>
                  <extra>
                    <technique profile="FCOLLADA">
                      <visibility>1.000000</visibility>
                    </technique>
                  </extra>
                  <node name="Ear_L2" id="Ear_L2" sid="Ear_L2" type="JOINT">
                    <matrix sid="matrix">0.977826 -0.209421 0.000000 -3.082515 0.209421 0.977826 0.000000 0.000022 -0.000000 -0.000000 1.000000 0.000000 0.000000 0.000000 0.000000 1.000000</matrix>
                    <extra>
                      <technique profile="FCOLLADA">
                        <visibility>1.000000</visibility>
                      </technique>
                    </extra>
                    <node name="Ear_L3" id="Ear_L3" sid="Ear_L3" type="JOINT">
                      <matrix sid="matrix">-0.814365 -0.580352 0.000000 -3.472004 -0.580352 0.814365 0.000000 0.000017 -0.000000 0.000000 -1.000000 0.000000 0.000000 0.000000 0.000000 1.000000</matrix>
                      <extra>
                        <technique profile="FCOLLADA">
                          <visibility>1.000000</visibility>
                        </technique>
                      </extra>
                    </node>
                  </node>
                </node>
              </node>
            </node>
            <node name="Hip_L1" id="Hip_L1" sid="Hip_L1" type="JOINT">
              <matrix sid="matrix">-0.323405 -0.946260 -0.000000 1.181721 -0.946260 0.323405 -0.000000 -4.990921 0.000000 0.000000 -1.000000 -3.026884 0.000000 0.000000 0.000000 1.000000</matrix>
              <extra>
                <technique profile="FCOLLADA">
                  <visibility>1.000000</visibility>
                </technique>
              </extra>
              <node name="Knee_L1" id="Knee_L1" sid="Knee_L1" type="JOINT">
                <matrix sid="matrix">0.789636 -0.613576 -0.000000 2.487114 -0.613576 -0.789636 -0.000000 -0.133238 -0.000000 0.000000 -1.000000 -0.000000 0.000000 0.000000 0.000000 1.000000</matrix>
                <extra>
                  <technique profile="FCOLLADA">
                    <visibility>1.000000</visibility>
                  </technique>
                </extra>
                <node name="Foot_L1" id="Foot_L1" sid="Foot_L1" type="JOINT">
                  <matrix sid="matrix">0.000000 -0.903936 0.427668 2.005376 0.000000 0.427668 0.903936 -0.248054 -1.000000 -0.000000 0.000000 0.000000 0.000000 0.000000 0.000000 1.000000</matrix>
                  <extra>
                    <technique profile="FCOLLADA">
                      <visibility>1.000000</visibility>
                    </technique>
                  </extra>
                  <node name="Toes_L1" id="Toes_L1" sid="Toes_L1" type="JOINT">
                    <matrix sid="matrix">1.000000 -0.000000 0.000000 0.007203 0.000000 1.000000 -0.000000 -0.549091 -0.000000 0.000000 1.000000 1.160829 0.000000 0.000000 0.000000 1.000000</matrix>
                    <extra>
                      <technique profile="FCOLLADA">
                        <visibility>1.000000</visibility>
                      </technique>
                    </extra>
                  </node>
                </node>
              </node>
            </node>
            <node name="Hip_R1" id="Hip_R1" sid="Hip_R1" type="JOINT">
              <matrix sid="matrix">0.323405 0.946260 -0.000000 1.181716 0.946260 -0.323405 -0.000000 -4.990921 -0.000000 -0.000000 -1.000000 3.026880 0.000000 0.000000 0.000000 1.000000</matrix>
              <extra>
                <technique profile="FCOLLADA">
                  <visibility>1.000000</visibility>
                </technique>
              </extra>
              <node name="Knee_R1" id="Knee_R1" sid="Knee_R1" type="JOINT">
                <matrix sid="matrix">0.789636 -0.613576 0.000000 -2.487111 -0.613576 -0.789636 0.000000 0.133243 0.000000 -0.000000 -1.000000 -0.000000 0.000000 0.000000 0.000000 1.000000</matrix>
                <extra>
                  <technique profile="FCOLLADA">
                    <visibility>1.000000</visibility>
                  </technique>
                </extra>
                <node name="Foot_R1" id="Foot_R1" sid="Foot_R1" type="JOINT">
                  <matrix sid="matrix">0.000000 -0.903936 0.427668 -2.005374 -0.000000 0.427668 0.903936 0.248059 -1.000000 -0.000000 0.000000 0.000000 0.000000 0.000000 0.000000 1.000000</matrix>
                  <extra>
                    <technique profile="FCOLLADA">
                      <visibility>1.000000</visibility>
                    </technique>
                  </extra>
                  <node name="Toes_R1" id="Toes_R1" sid="Toes_R1" type="JOINT">
                    <matrix sid="matrix">1.000000 0.000000 -0.000000 -0.007210 0.000000 1.000000 0.000000 0.549091 0.000000 0.000000 1.000000 -1.160834 0.000000 0.000000 0.000000 1.000000</matrix>
                    <extra>
                      <technique profile="FCOLLADA">
                        <visibility>1.000000</visibility>
                      </technique>
                    </extra>
                  </node>
                </node>
              </node>
            </node>
          </node>
        </node>
        <node name="Hip_L2" id="Hip_L2" sid="Hip_L2" type="JOINT">
          <matrix sid="matrix">-0.070578 -0.997506 -0.000000 1.098346 -0.997506 0.070578 -0.000000 -5.271998 0.000000 0.000000 -1.000000 -3.026884 0.000000 0.000000 0.000000 1.000000</matrix>
          <extra>
            <technique profile="FCOLLADA">
              <visibility>1.000000</visibility>
            </technique>
          </extra>
          <node name="Knee_L2" id="Knee_L2" sid="Knee_L2" type="JOINT">
            <matrix sid="matrix">0.789636 -0.613576 -0.000000 2.487114 -0.613576 -0.789636 -0.000000 -0.133238 -0.000000 0.000000 -1.000000 -0.000000 0.000000 0.000000 0.000000 1.000000</matrix>
            <extra>
              <technique profile="FCOLLADA">
                <visibility>1.000000</visibility>
              </technique>
            </extra>
            <node name="Foot_L2" id="Foot_L2" sid="Foot_L2" type="JOINT">
              <matrix sid="matrix">0.000000 -0.903936 0.427668 2.005376 -0.000000 0.427668 0.903936 -0.248054 -1.000000 -0.000000 0.000000 0.000000 0.000000 0.000000 0.000000 1.000000</matrix>
              <extra>
                <technique profile="FCOLLADA">
                  <visibility>1.000000</visibility>
                </technique>
              </extra>
              <node name="Toes_L2" id="Toes_L2" sid="Toes_L2" type="JOINT">
                <matrix sid="matrix">1.000000 -0.000000 0.000000 0.007203 0.000000 1.000000 -0.000000 -0.549091 -0.000000 0.000000 1.000000 0.914430 0.000000 0.000000 0.000000 1.000000</matrix>
                <extra>
                  <technique profile="FCOLLADA">
                    <visibility>1.000000</visibility>
                  </technique>
                </extra>
              </node>
            </node>
          </node>
        </node>
        <node name="Hip_R2" id="Hip_R2" sid="Hip_R2" type="JOINT">
          <matrix sid="matrix">0.070578 0.997506 -0.000000 1.098347 0.997506 -0.070578 -0.000000 -5.271999 -0.000000 -0.000000 -1.000000 3.026880 0.000000 0.000000 0.000000 1.000000</matrix>
          <extra>
            <technique profile="FCOLLADA">
              <visibility>1.000000</visibility>
            </technique>
          </extra>
          <node name="Knee_R2" id="Knee_R2" sid="Knee_R2" type="JOINT">
            <matrix sid="matrix">0.789636 -0.613576 0.000000 -2.487113 -0.613576 -0.789636 0.000000 0.133233 0.000000 -0.000000 -1.000000 -0.000000 0.000000 0.000000 0.000000 1.000000</matrix>
            <extra>
              <technique profile="FCOLLADA">
                <visibility>1.000000</visibility>
              </technique>
            </extra>
            <node name="Foot_R2" id="Foot_R2" sid="Foot_R2" type="JOINT">
              <matrix sid="matrix">0.000000 -0.903936 0.427668 -2.005378 -0.000000 0.427668 0.903936 0.248050 -1.000000 -0.000000 0.000000 0.000000 0.000000 0.000000 0.000000 1.000000</matrix>
              <extra>
                <technique profile="FCOLLADA">
                  <visibility>1.000000</visibility>
                </technique>
              </extra>
              <node name="Toes_R2" id="Toes_R2" sid="Toes_R2" type="JOINT">
                <matrix sid="matrix">1.000000 -0.000000 -0.000000 -0.007210 0.000000 1.000000 -0.000000 0.549091 0.000000 0.000000 1.000000 -0.914424 0.000000 0.000000 0.000000 1.000000</matrix>
                <extra>
                  <technique profile="FCOLLADA">
                    <visibility>1.000000</visibility>
                  </technique>
                </extra>
              </node>
            </node>
          </node>
        </node>
        <node name="Tail1" id="Tail1" sid="Tail1" type="JOINT">
          <matrix sid="matrix">-0.963919 0.266195 -0.000000 -1.841257 0.266195 0.963919 -0.000000 0.986721 0.000000 -0.000000 -1.000000 0.000000 0.000000 0.000000 0.000000 1.000000</matrix>
          <extra>
            <technique profile="FCOLLADA">
              <visibility>1.000000</visibility>
            </technique>
          </extra>
          <node name="Tail2" id="Tail2" sid="Tail2" type="JOINT">
            <matrix sid="matrix">0.761689 -0.647943 -0.000000 2.826110 0.647943 0.761689 -0.000000 -0.000000 0.000000 0.000000 1.000000 -0.000000 0.000000 0.000000 0.000000 1.000000</matrix>
            <extra>
              <technique profile="FCOLLADA">
                <visibility>1.000000</visibility>
              </technique>
            </extra>
            <node name="Tail3" id="Tail3" sid="Tail3" type="JOINT">
              <matrix sid="matrix">0.907226 -0.420644 -0.000000 2.450695 0.420644 0.907226 -0.000000 0.000000 0.000000 0.000000 1.000000 0.000000 0.000000 0.000000 0.000000 1.000000</matrix>
              <extra>
                <technique profile="FCOLLADA">
                  <visibility>1.000000</visibility>
                </technique>
              </extra>
              <node name="Tail4" id="Tail4" sid="Tail4" type="JOINT">
                <matrix sid="matrix">0.000000 0.999898 -0.014284 1.458514 0.000000 0.014284 0.999898 0.000000 1.000000 -0.000000 0.000000 0.000000 0.000000 0.000000 0.000000 1.000000</matrix>
                <extra>
                  <technique profile="FCOLLADA">
                    <visibility>1.000000</visibility>
                  </technique>
                </extra>
              </node>
            </node>
          </node>
        </node>
        <node name="Tail" id="Tail" sid="Tail">
          <matrix sid="matrix">0.000000 -0.147492 0.989063 6.250113 0.000000 0.989063 0.147492 -9.536850 -1.000000 -0.000000 0.000000 -0.000000 0.000000 0.000000 0.000000 1.000000</matrix>
          <extra>
            <technique profile="FCOLLADA">
              <visibility>1.000000</visibility>
            </technique>
          </extra>
        </node>
      </node>
      <extra>
        <technique profile="MAX3D">
          <frame_rate>24.000000</frame_rate>
        </technique>
        <technique profile="FCOLLADA">
          <start_time>0.041667</start_time>
          <end_time>8.333333</end_time>
        </technique>
      </extra>
    </visual_scene>
  </library_visual_scenes>
  <scene>
    <instance_visual_scene url="#Dog@DogREar"/>
  </scene>
</COLLADA>
